[100.0, 32.0, np.float64(0.8206731358450305)]
[101.0, 32.0, np.float64(0.8206731358450305)]
[102.0, 32.0, np.float64(0.8206198041185888)]
[103.0, 32.0, np.float64(0.8206198041185888)]
[104.0, 32.0, np.float64(0.8207129372678766)]
[105.0, 32.0, np.float64(0.8207129372678766)]
[106.0, 32.0, np.float64(0.8183891845989789)]
[107.0, 32.0, np.float64(0.8183891845989789)]
[108.0, 32.0, np.float64(0.8183891845989789)]
[109.0, 32.0, np.float64(0.8184333957716343)]
[10.0, 32.0, np.float64(0.8250938583736782)]
[110.0, 32.0, np.float64(0.8184333957716343)]
[111.0, 32.0, np.float64(0.8181286376468065)]
[112.0, 32.0, np.float64(0.8181286376468065)]
[113.0, 32.0, np.float64(0.8163039793852288)]
[114.0, 32.0, np.float64(0.8163039793852288)]
[115.0, 32.0, np.float64(0.8163039793852288)]
[116.0, 32.0, np.float64(0.8164811571696657)]
[117.0, 32.0, np.float64(0.8164811571696657)]
[118.0, 32.0, np.float64(0.8162243315193115)]
[119.0, 32.0, np.float64(0.8162243315193115)]
[11.0, 32.0, np.float64(0.8249945303976112)]
[120.0, 32.0, np.float64(0.814929541777373)]
[121.0, 32.0, np.float64(0.814929541777373)]
[122.0, 32.0, np.float64(0.814929541777373)]
[123.0, 32.0, np.float64(0.8151836340895086)]
[124.0, 32.0, np.float64(0.8151836340895086)]
[125.0, 32.0, np.float64(0.8146883662487844)]
[126.0, 32.0, np.float64(0.8146883662487844)]
[127.0, 32.0, np.float64(0.8251195131291622)]
[128.0, 32.0, np.float64(0.8251195131291622)]
[129.0, 32.0, np.float64(0.8251195131291622)]
[12.0, 32.0, np.float64(0.8249945303976112)]
[130.0, 32.0, np.float64(0.8249969216439094)]
[131.0, 32.0, np.float64(0.8249969216439094)]
[132.0, 32.0, np.float64(0.8256273589950321)]
[133.0, 32.0, np.float64(0.8256273589950321)]
[134.0, 32.0, np.float64(0.8222592038276447)]
[135.0, 32.0, np.float64(0.8222592038276447)]
[136.0, 32.0, np.float64(0.8222592038276447)]
[137.0, 32.0, np.float64(0.8222118417636378)]
[138.0, 32.0, np.float64(0.8222118417636378)]
[139.0, 32.0, np.float64(0.8224365709939074)]
[13.0, 32.0, np.float64(0.8252164167549163)]
[140.0, 32.0, np.float64(0.8224365709939074)]
[141.0, 32.0, np.float64(0.8197599745751959)]
[142.0, 32.0, np.float64(0.8197599745751959)]
[143.0, 32.0, np.float64(0.8197599745751959)]
[144.0, 32.0, np.float64(0.8197163836179895)]
[145.0, 32.0, np.float64(0.8197163836179895)]
[146.0, 32.0, np.float64(0.8197834033679066)]
[147.0, 32.0, np.float64(0.8197834033679066)]
[148.0, 32.0, np.float64(0.8173133275464523)]
[149.0, 32.0, np.float64(0.8173133275464523)]
[14.0, 32.0, np.float64(0.8252164167549163)]
[150.0, 32.0, np.float64(0.8173133275464523)]
[151.0, 32.0, np.float64(0.8175074004228768)]
[152.0, 32.0, np.float64(0.8175074004228768)]
[153.0, 32.0, np.float64(0.8169989036350882)]
[154.0, 32.0, np.float64(0.8169989036350882)]
[155.0, 32.0, np.float64(0.8155256140032767)]
[156.0, 32.0, np.float64(0.8155256140032767)]
[157.0, 32.0, np.float64(0.8155256140032767)]
[158.0, 32.0, np.float64(0.8157846339660899)]
[159.0, 32.0, np.float64(0.8157846339660899)]
[15.0, 32.0, np.float64(0.8232118313514191)]
[160.0, 32.0, np.float64(0.8152047758601814)]
[161.0, 32.0, np.float64(0.8152047758601814)]
[162.0, 32.0, np.float64(0.8144726733875685)]
[163.0, 32.0, np.float64(0.8144726733875685)]
[164.0, 32.0, np.float64(0.8144726733875685)]
[165.0, 32.0, np.float64(0.8146663052687114)]
[166.0, 32.0, np.float64(0.8146663052687114)]
[167.0, 32.0, np.float64(0.8140504749635991)]
[168.0, 32.0, np.float64(0.8140504749635991)]
[169.0, 32.0, np.float64(0.8247688284857093)]
[16.0, 32.0, np.float64(0.8232118313514191)]
[170.0, 32.0, np.float64(0.8247688284857093)]
[171.0, 32.0, np.float64(0.8247688284857093)]
[172.0, 32.0, np.float64(0.8245824795776868)]
[173.0, 32.0, np.float64(0.8245824795776868)]
[174.0, 32.0, np.float64(0.8252605080073243)]
[175.0, 32.0, np.float64(0.8252605080073243)]
[176.0, 32.0, np.float64(0.8217292442094867)]
[177.0, 32.0, np.float64(0.8217292442094867)]
[178.0, 32.0, np.float64(0.8217292442094867)]
[179.0, 32.0, np.float64(0.8216868142601839)]
[17.0, 32.0, np.float64(0.8232118313514191)]
[180.0, 32.0, np.float64(0.8216868142601839)]
[181.0, 32.0, np.float64(0.8218481710846238)]
[182.0, 32.0, np.float64(0.8218481710846238)]
[183.0, 32.0, np.float64(0.81921062401536)]
[184.0, 32.0, np.float64(0.81921062401536)]
[185.0, 32.0, np.float64(0.81921062401536)]
[186.0, 32.0, np.float64(0.8192236613946188)]
[187.0, 32.0, np.float64(0.8192236613946188)]
[188.0, 32.0, np.float64(0.8191161156516314)]
[189.0, 32.0, np.float64(0.8191161156516314)]
[18.0, 32.0, np.float64(0.8231842225811544)]
[190.0, 32.0, np.float64(0.8167453530410145)]
[191.0, 32.0, np.float64(0.8167453530410145)]
[192.0, 32.0, np.float64(0.8167453530410145)]
[193.0, 32.0, np.float64(0.8168189061773904)]
[194.0, 32.0, np.float64(0.8168189061773904)]
[195.0, 32.0, np.float64(0.8166070769415926)]
[196.0, 32.0, np.float64(0.8166070769415926)]
[197.0, 32.0, np.float64(0.815205894408471)]
[198.0, 32.0, np.float64(0.815205894408471)]
[199.0, 32.0, np.float64(0.815205894408471)]
[19.0, 32.0, np.float64(0.8231842225811544)]
[1.0, 32.0, np.float64(0.8263914638265367)]
[200.0, 32.0, np.float64(0.8153929146630067)]
[201.0, 32.0, np.float64(0.8153929146630067)]
[202.0, 32.0, np.float64(0.8148628276228131)]
[203.0, 32.0, np.float64(0.8148628276228131)]
[204.0, 32.0, np.float64(0.8141654431807243)]
[205.0, 32.0, np.float64(0.8141654431807243)]
[206.0, 32.0, np.float64(0.8141654431807243)]
[207.0, 32.0, np.float64(0.8142789523969485)]
[208.0, 32.0, np.float64(0.8142789523969485)]
[209.0, 32.0, np.float64(0.813859406860407)]
[20.0, 32.0, np.float64(0.8232000605438864)]
[210.0, 32.0, np.float64(0.813859406860407)]
[21.0, 32.0, np.float64(0.8232000605438864)]
[22.0, 32.0, np.float64(0.8211011527024741)]
[23.0, 32.0, np.float64(0.8211011527024741)]
[24.0, 32.0, np.float64(0.8211011527024741)]
[25.0, 32.0, np.float64(0.8212284563076481)]
[26.0, 32.0, np.float64(0.8212284563076481)]
[27.0, 32.0, np.float64(0.8210533420046452)]
[28.0, 32.0, np.float64(0.8210533420046452)]
[29.0, 32.0, np.float64(0.8194061386067139)]
[2.0, 32.0, np.float64(0.8263914638265367)]
[30.0, 32.0, np.float64(0.8194061386067139)]
[31.0, 32.0, np.float64(0.8194061386067139)]
[32.0, 32.0, np.float64(0.81950784003923)]
[33.0, 32.0, np.float64(0.81950784003923)]
[34.0, 32.0, np.float64(0.81912567455139)]
[35.0, 32.0, np.float64(0.81912567455139)]
[36.0, 32.0, np.float64(0.8176416280478055)]
[37.0, 32.0, np.float64(0.8176416280478055)]
[38.0, 32.0, np.float64(0.8176416280478055)]
[39.0, 32.0, np.float64(0.8177451921137349)]
[3.0, 32.0, np.float64(0.8263914638265367)]
[40.0, 32.0, np.float64(0.8177451921137349)]
[41.0, 32.0, np.float64(0.8174566405144298)]
[42.0, 32.0, np.float64(0.8174566405144298)]
[43.0, 32.0, np.float64(0.8257735916660938)]
[44.0, 32.0, np.float64(0.8257735916660938)]
[45.0, 32.0, np.float64(0.8257735916660938)]
[46.0, 32.0, np.float64(0.8257442366667701)]
[47.0, 32.0, np.float64(0.8257442366667701)]
[48.0, 32.0, np.float64(0.8261656173057635)]
[49.0, 32.0, np.float64(0.8261656173057635)]
[4.0, 32.0, np.float64(0.8263941596075143)]
[50.0, 32.0, np.float64(0.8240497784616694)]
[51.0, 32.0, np.float64(0.8240497784616694)]
[52.0, 32.0, np.float64(0.8240497784616694)]
[53.0, 32.0, np.float64(0.8240301230455545)]
[54.0, 32.0, np.float64(0.8240301230455545)]
[55.0, 32.0, np.float64(0.8242580730934783)]
[56.0, 32.0, np.float64(0.8242580730934783)]
[57.0, 32.0, np.float64(0.8219927612526223)]
[58.0, 32.0, np.float64(0.8219927612526223)]
[59.0, 32.0, np.float64(0.8219927612526223)]
[5.0, 32.0, np.float64(0.8263941596075143)]
[60.0, 32.0, np.float64(0.8219016644307372)]
[61.0, 32.0, np.float64(0.8219016644307372)]
[62.0, 32.0, np.float64(0.8219596463899261)]
[63.0, 32.0, np.float64(0.8219596463899261)]
[64.0, 32.0, np.float64(0.819721339935149)]
[65.0, 32.0, np.float64(0.819721339935149)]
[66.0, 32.0, np.float64(0.819721339935149)]
[67.0, 32.0, np.float64(0.8197380844801725)]
[68.0, 32.0, np.float64(0.8197380844801725)]
[69.0, 32.0, np.float64(0.8196306703937474)]
[6.0, 32.0, np.float64(0.8268616467050988)]
[70.0, 32.0, np.float64(0.8196306703937474)]
[71.0, 32.0, np.float64(0.8175724348029197)]
[72.0, 32.0, np.float64(0.8175724348029197)]
[73.0, 32.0, np.float64(0.8175724348029197)]
[74.0, 32.0, np.float64(0.8177064751235462)]
[75.0, 32.0, np.float64(0.8177064751235462)]
[76.0, 32.0, np.float64(0.8175133010337817)]
[77.0, 32.0, np.float64(0.8175133010337817)]
[78.0, 32.0, np.float64(0.8161330523040965)]
[79.0, 32.0, np.float64(0.8161330523040965)]
[7.0, 32.0, np.float64(0.8268616467050988)]
[80.0, 32.0, np.float64(0.8161330523040965)]
[81.0, 32.0, np.float64(0.8162743657607324)]
[82.0, 32.0, np.float64(0.8162743657607324)]
[83.0, 32.0, np.float64(0.8159020980669286)]
[84.0, 32.0, np.float64(0.8159020980669286)]
[85.0, 32.0, np.float64(0.8255607532816018)]
[86.0, 32.0, np.float64(0.8255607532816018)]
[87.0, 32.0, np.float64(0.8255607532816018)]
[88.0, 32.0, np.float64(0.8254035187458816)]
[89.0, 32.0, np.float64(0.8254035187458816)]
[8.0, 32.0, np.float64(0.8250938583736782)]
[90.0, 32.0, np.float64(0.8258495666646319)]
[91.0, 32.0, np.float64(0.8258495666646319)]
[92.0, 32.0, np.float64(0.8229302830587153)]
[93.0, 32.0, np.float64(0.8229302830587153)]
[94.0, 32.0, np.float64(0.8229302830587153)]
[95.0, 32.0, np.float64(0.8229146753362719)]
[96.0, 32.0, np.float64(0.8229146753362719)]
[97.0, 32.0, np.float64(0.8232397141419274)]
[98.0, 32.0, np.float64(0.8232397141419274)]
[99.0, 32.0, np.float64(0.8206731358450305)]
[9.0, 32.0, np.float64(0.8250938583736782)]
[10.0, 32.0, np.float64(0.8197380844801725)]
[11.0, 32.0, np.float64(0.8177064751235462)]
[12.0, 32.0, np.float64(0.8162743657607324)]
[13.0, 32.0, np.float64(0.8254035187458816)]
[14.0, 32.0, np.float64(0.8229146753362719)]
[15.0, 32.0, np.float64(0.8206198041185888)]
[16.0, 32.0, np.float64(0.8184333957716343)]
[17.0, 32.0, np.float64(0.8164811571696657)]
[18.0, 32.0, np.float64(0.8151836340895086)]
[19.0, 32.0, np.float64(0.8249969216439094)]
[1.0, 32.0, np.float64(0.8263941596075143)]
[20.0, 32.0, np.float64(0.8222118417636378)]
[21.0, 32.0, np.float64(0.8197163836179895)]
[22.0, 32.0, np.float64(0.8175074004228768)]
[23.0, 32.0, np.float64(0.8157846339660899)]
[24.0, 32.0, np.float64(0.8146663052687114)]
[25.0, 32.0, np.float64(0.8245824795776868)]
[26.0, 32.0, np.float64(0.8216868142601839)]
[27.0, 32.0, np.float64(0.8192236613946188)]
[28.0, 32.0, np.float64(0.8168189061773904)]
[29.0, 32.0, np.float64(0.8153929146630067)]
[2.0, 32.0, np.float64(0.8249945303976112)]
[30.0, 32.0, np.float64(0.8142789523969485)]
[3.0, 32.0, np.float64(0.8231842225811544)]
[4.0, 32.0, np.float64(0.8212284563076481)]
[5.0, 32.0, np.float64(0.81950784003923)]
[6.0, 32.0, np.float64(0.8177451921137349)]
[7.0, 32.0, np.float64(0.8257442366667701)]
[8.0, 32.0, np.float64(0.8240301230455545)]
[9.0, 32.0, np.float64(0.8219016644307372)]
[10.0, 32.0, np.float64(0.8068163234911234)]
[11.0, 32.0, np.float64(0.8041533999210146)]
[12.0, 32.0, np.float64(0.8025172754796793)]
[13.0, 32.0, np.float64(0.8166765222727775)]
[14.0, 32.0, np.float64(0.8122493801311749)]
[15.0, 32.0, np.float64(0.8080422626365081)]
[16.0, 32.0, np.float64(0.8042806353714289)]
[17.0, 32.0, np.float64(0.8017140071440865)]
[18.0, 32.0, np.float64(0.7999360430111616)]
[19.0, 32.0, np.float64(0.8164331702838508)]
[1.0, 32.0, np.float64(0.8189087946880684)]
[20.0, 32.0, np.float64(0.8110644425397069)]
[21.0, 32.0, np.float64(0.8065677477931699)]
[22.0, 32.0, np.float64(0.8030229715083781)]
[23.0, 32.0, np.float64(0.8005749001237199)]
[24.0, 32.0, np.float64(0.799246464492363)]
[25.0, 32.0, np.float64(0.8163039837488698)]
[26.0, 32.0, np.float64(0.810876536546048)]
[27.0, 32.0, np.float64(0.8064233284212132)]
[28.0, 32.0, np.float64(0.8032392720711884)]
[29.0, 32.0, np.float64(0.8009027126268301)]
[2.0, 32.0, np.float64(0.8166411326318233)]
[30.0, 32.0, np.float64(0.7997293602544687)]
[3.0, 32.0, np.float64(0.8135251421298603)]
[4.0, 32.0, np.float64(0.8103839536261284)]
[5.0, 32.0, np.float64(0.8076404487038404)]
[6.0, 32.0, np.float64(0.8057308912546255)]
[7.0, 32.0, np.float64(0.8176050480841527)]
[8.0, 32.0, np.float64(0.8141144756315392)]
[9.0, 32.0, np.float64(0.8103270749658943)]
[100.0, 32.0, np.float64(0.9010250716642392)]
[101.0, 32.0, np.float64(0.9010250716642392)]
[102.0, 32.0, np.float64(0.9009323676323003)]
[103.0, 32.0, np.float64(0.9009323676323003)]
[104.0, 32.0, np.float64(0.9009149948777118)]
[105.0, 32.0, np.float64(0.9009149948777118)]
[106.0, 32.0, np.float64(0.9009217481077745)]
[107.0, 32.0, np.float64(0.9009217481077745)]
[108.0, 32.0, np.float64(0.9009217481077745)]
[109.0, 32.0, np.float64(0.900888658117796)]
[10.0, 32.0, np.float64(0.900793140057147)]
[110.0, 32.0, np.float64(0.900888658117796)]
[111.0, 32.0, np.float64(0.9007772384943886)]
[112.0, 32.0, np.float64(0.9007772384943886)]
[113.0, 32.0, np.float64(0.9005792678609964)]
[114.0, 32.0, np.float64(0.9005792678609964)]
[115.0, 32.0, np.float64(0.9005792678609964)]
[116.0, 32.0, np.float64(0.9005293435270711)]
[117.0, 32.0, np.float64(0.9005293435270711)]
[118.0, 32.0, np.float64(0.9005003106449333)]
[119.0, 32.0, np.float64(0.9005003106449333)]
[11.0, 32.0, np.float64(0.9007752880826979)]
[120.0, 32.0, np.float64(0.9003162466202564)]
[121.0, 32.0, np.float64(0.9003162466202564)]
[122.0, 32.0, np.float64(0.9003162466202564)]
[123.0, 32.0, np.float64(0.900198932122125)]
[124.0, 32.0, np.float64(0.900198932122125)]
[125.0, 32.0, np.float64(0.9003608457252426)]
[126.0, 32.0, np.float64(0.9003608457252426)]
[127.0, 32.0, np.float64(0.901681634443391)]
[128.0, 32.0, np.float64(0.901681634443391)]
[129.0, 32.0, np.float64(0.901681634443391)]
[12.0, 32.0, np.float64(0.9007752880826979)]
[130.0, 32.0, np.float64(0.9016160775209223)]
[131.0, 32.0, np.float64(0.9016160775209223)]
[132.0, 32.0, np.float64(0.901618453228337)]
[133.0, 32.0, np.float64(0.901618453228337)]
[134.0, 32.0, np.float64(0.901401471239556)]
[135.0, 32.0, np.float64(0.901401471239556)]
[136.0, 32.0, np.float64(0.901401471239556)]
[137.0, 32.0, np.float64(0.9011568246456292)]
[138.0, 32.0, np.float64(0.9011568246456292)]
[139.0, 32.0, np.float64(0.9014906612647815)]
[13.0, 32.0, np.float64(0.9008188349314351)]
[140.0, 32.0, np.float64(0.9014906612647815)]
[141.0, 32.0, np.float64(0.9009604180789843)]
[142.0, 32.0, np.float64(0.9009604180789843)]
[143.0, 32.0, np.float64(0.9009604180789843)]
[144.0, 32.0, np.float64(0.9009056534078168)]
[145.0, 32.0, np.float64(0.9009056534078168)]
[146.0, 32.0, np.float64(0.9009810073331967)]
[147.0, 32.0, np.float64(0.9009810073331967)]
[148.0, 32.0, np.float64(0.900566204481004)]
[149.0, 32.0, np.float64(0.900566204481004)]
[14.0, 32.0, np.float64(0.9008188349314351)]
[150.0, 32.0, np.float64(0.900566204481004)]
[151.0, 32.0, np.float64(0.9007677734562476)]
[152.0, 32.0, np.float64(0.9007677734562476)]
[153.0, 32.0, np.float64(0.9006877666481746)]
[154.0, 32.0, np.float64(0.9006877666481746)]
[155.0, 32.0, np.float64(0.9002366626936421)]
[156.0, 32.0, np.float64(0.9002366626936421)]
[157.0, 32.0, np.float64(0.9002366626936421)]
[158.0, 32.0, np.float64(0.9003346551763508)]
[159.0, 32.0, np.float64(0.9003346551763508)]
[15.0, 32.0, np.float64(0.9008978167175141)]
[160.0, 32.0, np.float64(0.9003840673896776)]
[161.0, 32.0, np.float64(0.9003840673896776)]
[162.0, 32.0, np.float64(0.8999698761192547)]
[163.0, 32.0, np.float64(0.8999698761192547)]
[164.0, 32.0, np.float64(0.8999698761192547)]
[165.0, 32.0, np.float64(0.9000215643604946)]
[166.0, 32.0, np.float64(0.9000215643604946)]
[167.0, 32.0, np.float64(0.8999498005266898)]
[168.0, 32.0, np.float64(0.8999498005266898)]
[169.0, 32.0, np.float64(0.9018856461649346)]
[16.0, 32.0, np.float64(0.9008978167175141)]
[170.0, 32.0, np.float64(0.9018856461649346)]
[171.0, 32.0, np.float64(0.9018856461649346)]
[172.0, 32.0, np.float64(0.9016927042931606)]
[173.0, 32.0, np.float64(0.9016927042931606)]
[174.0, 32.0, np.float64(0.9019605928055331)]
[175.0, 32.0, np.float64(0.9019605928055331)]
[176.0, 32.0, np.float64(0.9013957366407748)]
[177.0, 32.0, np.float64(0.9013957366407748)]
[178.0, 32.0, np.float64(0.9013957366407748)]
[179.0, 32.0, np.float64(0.9012626827564884)]
[17.0, 32.0, np.float64(0.9008978167175141)]
[180.0, 32.0, np.float64(0.9012626827564884)]
[181.0, 32.0, np.float64(0.9014317281687904)]
[182.0, 32.0, np.float64(0.9014317281687904)]
[183.0, 32.0, np.float64(0.9010042602414499)]
[184.0, 32.0, np.float64(0.9010042602414499)]
[185.0, 32.0, np.float64(0.9010042602414499)]
[186.0, 32.0, np.float64(0.9009100062535504)]
[187.0, 32.0, np.float64(0.9009100062535504)]
[188.0, 32.0, np.float64(0.9010622342152269)]
[189.0, 32.0, np.float64(0.9010622342152269)]
[18.0, 32.0, np.float64(0.9008571905043284)]
[190.0, 32.0, np.float64(0.9005851634101366)]
[191.0, 32.0, np.float64(0.9005851634101366)]
[192.0, 32.0, np.float64(0.9005851634101366)]
[193.0, 32.0, np.float64(0.9005072536276144)]
[194.0, 32.0, np.float64(0.9005072536276144)]
[195.0, 32.0, np.float64(0.9006414630656118)]
[196.0, 32.0, np.float64(0.9006414630656118)]
[197.0, 32.0, np.float64(0.9001181535039885)]
[198.0, 32.0, np.float64(0.9001181535039885)]
[199.0, 32.0, np.float64(0.9001181535039885)]
[19.0, 32.0, np.float64(0.9008571905043284)]
[1.0, 32.0, np.float64(0.9007710444285861)]
[200.0, 32.0, np.float64(0.8999949076328728)]
[201.0, 32.0, np.float64(0.8999949076328728)]
[202.0, 32.0, np.float64(0.9000575172824903)]
[203.0, 32.0, np.float64(0.9000575172824903)]
[204.0, 32.0, np.float64(0.8996197590639995)]
[205.0, 32.0, np.float64(0.8996197590639995)]
[206.0, 32.0, np.float64(0.8996197590639995)]
[207.0, 32.0, np.float64(0.8997559857594287)]
[208.0, 32.0, np.float64(0.8997559857594287)]
[209.0, 32.0, np.float64(0.8995843129508444)]
[20.0, 32.0, np.float64(0.900734339882413)]
[210.0, 32.0, np.float64(0.8995843129508444)]
[211.0, 32.0, np.float64(0.9020012465718644)]
[212.0, 32.0, np.float64(0.9020012465718644)]
[213.0, 32.0, np.float64(0.9020012465718644)]
[214.0, 32.0, np.float64(0.9018357328317498)]
[215.0, 32.0, np.float64(0.9018357328317498)]
[216.0, 32.0, np.float64(0.9023062737971904)]
[217.0, 32.0, np.float64(0.9023062737971904)]
[218.0, 32.0, np.float64(0.9012979891600977)]
[219.0, 32.0, np.float64(0.9012979891600977)]
[21.0, 32.0, np.float64(0.900734339882413)]
[220.0, 32.0, np.float64(0.9012979891600977)]
[221.0, 32.0, np.float64(0.9012730066038352)]
[222.0, 32.0, np.float64(0.9012730066038352)]
[223.0, 32.0, np.float64(0.9015612676419593)]
[224.0, 32.0, np.float64(0.9015612676419593)]
[225.0, 32.0, np.float64(0.9008502237766657)]
[226.0, 32.0, np.float64(0.9008502237766657)]
[227.0, 32.0, np.float64(0.9008502237766657)]
[228.0, 32.0, np.float64(0.900784960950701)]
[229.0, 32.0, np.float64(0.900784960950701)]
[22.0, 32.0, np.float64(0.900928305081865)]
[230.0, 32.0, np.float64(0.9009837776409497)]
[231.0, 32.0, np.float64(0.9009837776409497)]
[232.0, 32.0, np.float64(0.9002400714716936)]
[233.0, 32.0, np.float64(0.9002400714716936)]
[234.0, 32.0, np.float64(0.9002400714716936)]
[235.0, 32.0, np.float64(0.9003694576435317)]
[236.0, 32.0, np.float64(0.9003694576435317)]
[237.0, 32.0, np.float64(0.9005286943513526)]
[238.0, 32.0, np.float64(0.9005286943513526)]
[239.0, 32.0, np.float64(0.8997881003052182)]
[23.0, 32.0, np.float64(0.900928305081865)]
[240.0, 32.0, np.float64(0.8997881003052182)]
[241.0, 32.0, np.float64(0.8997881003052182)]
[242.0, 32.0, np.float64(0.8996911892896322)]
[243.0, 32.0, np.float64(0.8996911892896322)]
[244.0, 32.0, np.float64(0.9000044688243599)]
[245.0, 32.0, np.float64(0.9000044688243599)]
[246.0, 32.0, np.float64(0.8993372155713598)]
[247.0, 32.0, np.float64(0.8993372155713598)]
[248.0, 32.0, np.float64(0.8993372155713598)]
[249.0, 32.0, np.float64(0.8992219665614861)]
[24.0, 32.0, np.float64(0.900928305081865)]
[250.0, 32.0, np.float64(0.8992219665614861)]
[251.0, 32.0, np.float64(0.8992181219129939)]
[252.0, 32.0, np.float64(0.8992181219129939)]
[25.0, 32.0, np.float64(0.9010101634315348)]
[26.0, 32.0, np.float64(0.9010101634315348)]
[27.0, 32.0, np.float64(0.9008354916820808)]
[28.0, 32.0, np.float64(0.9008354916820808)]
[29.0, 32.0, np.float64(0.900773118824103)]
[2.0, 32.0, np.float64(0.9007710444285861)]
[30.0, 32.0, np.float64(0.900773118824103)]
[31.0, 32.0, np.float64(0.900773118824103)]
[32.0, 32.0, np.float64(0.9007918990557905)]
[33.0, 32.0, np.float64(0.9007918990557905)]
[34.0, 32.0, np.float64(0.9008605878710477)]
[35.0, 32.0, np.float64(0.9008605878710477)]
[36.0, 32.0, np.float64(0.9004526737248899)]
[37.0, 32.0, np.float64(0.9004526737248899)]
[38.0, 32.0, np.float64(0.9004526737248899)]
[39.0, 32.0, np.float64(0.9005758942063401)]
[3.0, 32.0, np.float64(0.9007710444285861)]
[40.0, 32.0, np.float64(0.9005758942063401)]
[41.0, 32.0, np.float64(0.9005994739799311)]
[42.0, 32.0, np.float64(0.9005994739799311)]
[43.0, 32.0, np.float64(0.9012032810229584)]
[44.0, 32.0, np.float64(0.9012032810229584)]
[45.0, 32.0, np.float64(0.9012032810229584)]
[46.0, 32.0, np.float64(0.9010557971665653)]
[47.0, 32.0, np.float64(0.9010557971665653)]
[48.0, 32.0, np.float64(0.9011428044253365)]
[49.0, 32.0, np.float64(0.9011428044253365)]
[4.0, 32.0, np.float64(0.9007237157399802)]
[50.0, 32.0, np.float64(0.9009973342677012)]
[51.0, 32.0, np.float64(0.9009973342677012)]
[52.0, 32.0, np.float64(0.9009973342677012)]
[53.0, 32.0, np.float64(0.9011075819963723)]
[54.0, 32.0, np.float64(0.9011075819963723)]
[55.0, 32.0, np.float64(0.9012132813791599)]
[56.0, 32.0, np.float64(0.9012132813791599)]
[57.0, 32.0, np.float64(0.9008753662631308)]
[58.0, 32.0, np.float64(0.9008753662631308)]
[59.0, 32.0, np.float64(0.9008753662631308)]
[5.0, 32.0, np.float64(0.9007237157399802)]
[60.0, 32.0, np.float64(0.9010871040667717)]
[61.0, 32.0, np.float64(0.9010871040667717)]
[62.0, 32.0, np.float64(0.9010781733323635)]
[63.0, 32.0, np.float64(0.9010781733323635)]
[64.0, 32.0, np.float64(0.9008841199001588)]
[65.0, 32.0, np.float64(0.9008841199001588)]
[66.0, 32.0, np.float64(0.9008841199001588)]
[67.0, 32.0, np.float64(0.9008920929341236)]
[68.0, 32.0, np.float64(0.9008920929341236)]
[69.0, 32.0, np.float64(0.9007062718349685)]
[6.0, 32.0, np.float64(0.9007369375316986)]
[70.0, 32.0, np.float64(0.9007062718349685)]
[71.0, 32.0, np.float64(0.9005662418765075)]
[72.0, 32.0, np.float64(0.9005662418765075)]
[73.0, 32.0, np.float64(0.9005662418765075)]
[74.0, 32.0, np.float64(0.9005684239124727)]
[75.0, 32.0, np.float64(0.9005684239124727)]
[76.0, 32.0, np.float64(0.9007204697379785)]
[77.0, 32.0, np.float64(0.9007204697379785)]
[78.0, 32.0, np.float64(0.900343221891427)]
[79.0, 32.0, np.float64(0.900343221891427)]
[7.0, 32.0, np.float64(0.9007369375316986)]
[80.0, 32.0, np.float64(0.900343221891427)]
[81.0, 32.0, np.float64(0.9005105991902603)]
[82.0, 32.0, np.float64(0.9005105991902603)]
[83.0, 32.0, np.float64(0.9004799676866089)]
[84.0, 32.0, np.float64(0.9004799676866089)]
[85.0, 32.0, np.float64(0.9012597131825333)]
[86.0, 32.0, np.float64(0.9012597131825333)]
[87.0, 32.0, np.float64(0.9012597131825333)]
[88.0, 32.0, np.float64(0.9013766528333448)]
[89.0, 32.0, np.float64(0.9013766528333448)]
[8.0, 32.0, np.float64(0.900793140057147)]
[90.0, 32.0, np.float64(0.9012401097771784)]
[91.0, 32.0, np.float64(0.9012401097771784)]
[92.0, 32.0, np.float64(0.9010714149799843)]
[93.0, 32.0, np.float64(0.9010714149799843)]
[94.0, 32.0, np.float64(0.9010714149799843)]
[95.0, 32.0, np.float64(0.9011882598125691)]
[96.0, 32.0, np.float64(0.9011882598125691)]
[97.0, 32.0, np.float64(0.9012790064331175)]
[98.0, 32.0, np.float64(0.9012790064331175)]
[99.0, 32.0, np.float64(0.9010250716642392)]
[9.0, 32.0, np.float64(0.900793140057147)]
[1.0, 32.0, np.float64(0.8996644531289129)]
[2.0, 32.0, np.float64(0.8995699751233805)]
[3.0, 32.0, np.float64(0.8994527971768851)]
[4.0, 32.0, np.float64(0.9019694173704172)]
[5.0, 32.0, np.float64(0.9018497463048651)]
[6.0, 32.0, np.float64(0.9016038367484265)]
[7.0, 32.0, np.float64(0.9019828342931775)]
[8.0, 32.0, np.float64(0.9018219264952869)]
[9.0, 32.0, np.float64(0.9016779331490758)]
[10.0, 32.0, np.float64(0.8997580989347332)]
[11.0, 32.0, np.float64(0.8998227413692279)]
[12.0, 32.0, np.float64(0.8998319940627235)]
[13.0, 32.0, np.float64(0.8956151013169865)]
[14.0, 32.0, np.float64(0.8959949487453845)]
[15.0, 32.0, np.float64(0.8963323430401662)]
[16.0, 32.0, np.float64(0.890307241606078)]
[17.0, 32.0, np.float64(0.891079524546787)]
[18.0, 32.0, np.float64(0.8916882532033508)]
[19.0, 32.0, np.float64(0.8836276643792811)]
[20.0, 32.0, np.float64(0.8846879495819527)]
[21.0, 32.0, np.float64(0.8857675548176106)]
[22.0, 32.0, np.float64(0.876466914949413)]
[23.0, 32.0, np.float64(0.8777050424192391)]
[24.0, 32.0, np.float64(0.8789022186152471)]
[25.0, 32.0, np.float64(0.8690543894800726)]
[26.0, 32.0, np.float64(0.8706176371647502)]
[27.0, 32.0, np.float64(0.8718774796947827)]
[28.0, 32.0, np.float64(0.8612509434225438)]
[29.0, 32.0, np.float64(0.8629874297006914)]
[30.0, 32.0, np.float64(0.8645021958755363)]
[1.0, 32.0, np.float64(0.8826661877036405)]
[2.0, 32.0, np.float64(0.8826761370052864)]
[3.0, 32.0, np.float64(0.8827644142900158)]
[4.0, 32.0, np.float64(0.8841610695456664)]
[5.0, 32.0, np.float64(0.8840538038557423)]
[6.0, 32.0, np.float64(0.8838529320408177)]
[7.0, 32.0, np.float64(0.8852973389444365)]
[8.0, 32.0, np.float64(0.8853258256271018)]
[9.0, 32.0, np.float64(0.8852031188841749)]
[10.0, 32.0, np.float64(0.8868290874634951)]
[11.0, 32.0, np.float64(0.8866631368671632)]
[12.0, 32.0, np.float64(0.8863200150862098)]
[13.0, 32.0, np.float64(0.8878496672330328)]
[14.0, 32.0, np.float64(0.887614352039292)]
[15.0, 32.0, np.float64(0.8874917429329837)]
[16.0, 32.0, np.float64(0.889080792609638)]
[17.0, 32.0, np.float64(0.8890124324934926)]
[18.0, 32.0, np.float64(0.8886788460214741)]
[19.0, 32.0, np.float64(0.8901551143741765)]
[20.0, 32.0, np.float64(0.8898679490377239)]
[21.0, 32.0, np.float64(0.8896522762708466)]
[22.0, 32.0, np.float64(0.8910627626842225)]
[23.0, 32.0, np.float64(0.8908482227657227)]
[24.0, 32.0, np.float64(0.890763586544657)]
[25.0, 32.0, np.float64(0.8920473457968943)]
[26.0, 32.0, np.float64(0.8916844056837736)]
[27.0, 32.0, np.float64(0.8915413165932287)]
[28.0, 32.0, np.float64(0.8929714156973222)]
[29.0, 32.0, np.float64(0.8926419130463463)]
[30.0, 32.0, np.float64(0.8923886968234296)]
[31.0, 32.0, np.float64(0.893569130431935)]
[32.0, 32.0, np.float64(0.8931540437807477)]
[33.0, 32.0, np.float64(0.8929279708437019)]
[34.0, 32.0, np.float64(0.8941547791323218)]
[35.0, 32.0, np.float64(0.8938999895373654)]
[36.0, 32.0, np.float64(0.893578340487999)]
[37.0, 32.0, np.float64(0.8946692342527321)]
[38.0, 32.0, np.float64(0.8944049943374021)]
[39.0, 32.0, np.float64(0.8942409559566306)]
[40.0, 32.0, np.float64(0.8953231640360816)]
[41.0, 32.0, np.float64(0.8951739419987771)]
[42.0, 32.0, np.float64(0.894693098704744)]
[43.0, 32.0, np.float64(0.8953835240971755)]
[44.0, 32.0, np.float64(0.8951481903970266)]
[45.0, 32.0, np.float64(0.8949252851215669)]
[46.0, 32.0, np.float64(0.895517085373739)]
[47.0, 32.0, np.float64(0.8953137109063741)]
[48.0, 32.0, np.float64(0.895227499617576)]
[49.0, 32.0, np.float64(0.8957482839434763)]
[50.0, 32.0, np.float64(0.895690280768706)]
[51.0, 32.0, np.float64(0.8955246745295737)]
[52.0, 32.0, np.float64(0.8955365526472917)]
[53.0, 32.0, np.float64(0.8954705011188071)]
[54.0, 32.0, np.float64(0.8953592311756187)]
[55.0, 32.0, np.float64(0.8953220038726026)]
[56.0, 32.0, np.float64(0.8953220038726026)]
[57.0, 32.0, np.float64(0.8953220038726026)]
