[0.0, 0.0, -10000.0, 1.0, 3.0, 0.0, 0.0, 0.0, 0.0, 0.0, 0.0, 2.8, 0.01, 0.01, 0.22544104195531098]
[0.0, 0.0, -10000.0, 1.0, 4.0, 0.0, 0.0, 0.0, 0.0, 0.0, 0.0, 2.8, 0.01, 0.01, 0.12017462489231466]
[0.0, 0.0, -10000.0, 1.0, 5.0, 0.0, 0.0, 0.0, 0.0, 0.0, 0.0, 2.8, 0.01, 0.01, 0.08286492315858746]
[0.0, 0.0, -10000.0, 1.0, 6.0, 0.0, 0.0, 0.0, 0.0, 0.0, 0.0, 2.8, 0.01, 0.01, 0.03253188442133462]
[0.0, 0.0, -10000.0, 1.0, 7.0, 0.0, 0.0, 0.0, 0.0, 0.0, 0.0, 2.8, 0.01, 0.01, 0.03365819969376045]
[0.0, 0.0, -10000.0, 1.0, 8.0, 0.0, 0.0, 0.0, 0.0, 0.0, 0.0, 2.8, 0.01, 0.01, 0.054113313702863444]
[0.0, 0.0, -10000.0, 10.0, 2.0, 0.0, 0.0, 0.0, 0.0, 0.0, 0.0, 2.8, 0.01, 0.01, 0.6953843165284823]
[0.0, 0.0, -10000.0, 10.0, 3.0, 0.0, 0.0, 0.0, 0.0, 0.0, 0.0, 2.8, 0.01, 0.01, 0.7997566263661195]
[0.0, 0.0, -10000.0, 10.0, 4.0, 0.0, 0.0, 0.0, 0.0, 0.0, 0.0, 2.8, 0.01, 0.01, 0.7227630560561776]
[0.0, 0.0, -10000.0, 10.0, 5.0, 0.0, 0.0, 0.0, 0.0, 0.0, 0.0, 2.8, 0.01, 0.01, 0.5062796531705499]
[0.0, 0.0, -10000.0, 10.0, 6.0, 0.0, 0.0, 0.0, 0.0, 0.0, 0.0, 2.8, 0.01, 0.01, 0.31415630338373096]
[0.0, 0.0, -10000.0, 10.0, 7.0, 0.0, 0.0, 0.0, 0.0, 0.0, 0.0, 2.8, 0.01, 0.01, 0.16518391131875382]
[0.0, 0.0, -10000.0, 10.0, 8.0, 0.0, 0.0, 0.0, 0.0, 0.0, 0.0, 2.8, 0.01, 0.01, 0.08793866669430862]
[0.0, 0.0, -10000.0, 2.0, 2.0, 0.0, 0.0, 0.0, 0.0, 0.0, 0.0, 2.8, 0.01, 0.01, 0.5274482022382364]
[0.0, 0.0, -10000.0, 2.0, 3.0, 0.0, 0.0, 0.0, 0.0, 0.0, 0.0, 2.8, 0.01, 0.01, 0.41454190924378936]
[0.0, 0.0, -10000.0, 2.0, 4.0, 0.0, 0.0, 0.0, 0.0, 0.0, 0.0, 2.8, 0.01, 0.01, 0.3913944692142054]
[0.0, 0.0, -10000.0, 2.0, 5.0, 0.0, 0.0, 0.0, 0.0, 0.0, 0.0, 2.8, 0.01, 0.01, 0.28811528846779155]
[0.0, 0.0, -10000.0, 2.0, 6.0, 0.0, 0.0, 0.0, 0.0, 0.0, 0.0, 2.8, 0.01, 0.01, 0.1698437375913253]
[0.0, 0.0, -10000.0, 2.0, 7.0, 0.0, 0.0, 0.0, 0.0, 0.0, 0.0, 2.8, 0.01, 0.01, 0.10218332054341474]
[0.0, 0.0, -10000.0, 2.0, 8.0, 0.0, 0.0, 0.0, 0.0, 0.0, 0.0, 2.8, 0.01, 0.01, 0.1046980229533577]
[0.0, 0.0, -10000.0, 3.0, 2.0, 0.0, 0.0, 0.0, 0.0, 0.0, 0.0, 2.8, 0.01, 0.01, 0.5120789327924187]
[0.0, 0.0, -10000.0, 3.0, 3.0, 0.0, 0.0, 0.0, 0.0, 0.0, 0.0, 2.8, 0.01, 0.01, 0.43544152204710207]
[0.0, 0.0, -10000.0, 3.0, 4.0, 0.0, 0.0, 0.0, 0.0, 0.0, 0.0, 2.8, 0.01, 0.01, 0.42744098120889823]
[0.0, 0.0, -10000.0, 3.0, 5.0, 0.0, 0.0, 0.0, 0.0, 0.0, 0.0, 2.8, 0.01, 0.01, 0.4282095421110337]
[0.0, 0.0, -10000.0, 3.0, 6.0, 0.0, 0.0, 0.0, 0.0, 0.0, 0.0, 2.8, 0.01, 0.01, 0.34882400041960626]
[0.0, 0.0, -10000.0, 3.0, 7.0, 0.0, 0.0, 0.0, 0.0, 0.0, 0.0, 2.8, 0.01, 0.01, 0.2240057083217042]
[0.0, 0.0, -10000.0, 3.0, 8.0, 0.0, 0.0, 0.0, 0.0, 0.0, 0.0, 2.8, 0.01, 0.01, 0.18426330378650665]
[0.0, 0.0, -10000.0, 4.0, 2.0, 0.0, 0.0, 0.0, 0.0, 0.0, 0.0, 2.8, 0.01, 0.01, 0.5466828967646947]
[0.0, 0.0, -10000.0, 4.0, 3.0, 0.0, 0.0, 0.0, 0.0, 0.0, 0.0, 2.8, 0.01, 0.01, 0.5128090431398786]
[0.0, 0.0, -10000.0, 4.0, 4.0, 0.0, 0.0, 0.0, 0.0, 0.0, 0.0, 2.8, 0.01, 0.01, 0.49377192014199456]
[0.0, 0.0, -10000.0, 4.0, 5.0, 0.0, 0.0, 0.0, 0.0, 0.0, 0.0, 2.8, 0.01, 0.01, 0.4934359027063291]
[0.0, 0.0, -10000.0, 4.0, 6.0, 0.0, 0.0, 0.0, 0.0, 0.0, 0.0, 2.8, 0.01, 0.01, 0.46575851323337153]
[0.0, 0.0, -10000.0, 4.0, 7.0, 0.0, 0.0, 0.0, 0.0, 0.0, 0.0, 2.8, 0.01, 0.01, 0.34944976338767464]
[0.0, 0.0, -10000.0, 4.0, 8.0, 0.0, 0.0, 0.0, 0.0, 0.0, 0.0, 2.8, 0.01, 0.01, 0.2458824067202349]
[0.0, 0.0, -10000.0, 5.0, 2.0, 0.0, 0.0, 0.0, 0.0, 0.0, 0.0, 2.8, 0.01, 0.01, 0.625215433515218]
[0.0, 0.0, -10000.0, 5.0, 3.0, 0.0, 0.0, 0.0, 0.0, 0.0, 0.0, 2.8, 0.01, 0.01, 0.6066302978969641]
[0.0, 0.0, -10000.0, 5.0, 4.0, 0.0, 0.0, 0.0, 0.0, 0.0, 0.0, 2.8, 0.01, 0.01, 0.5906112242265633]
[0.0, 0.0, -10000.0, 5.0, 5.0, 0.0, 0.0, 0.0, 0.0, 0.0, 0.0, 2.8, 0.01, 0.01, 0.5737287029003891]
[0.0, 0.0, -10000.0, 5.0, 6.0, 0.0, 0.0, 0.0, 0.0, 0.0, 0.0, 2.8, 0.01, 0.01, 0.5347792772403174]
[0.0, 0.0, -10000.0, 5.0, 7.0, 0.0, 0.0, 0.0, 0.0, 0.0, 0.0, 2.8, 0.01, 0.01, 0.40409427368611484]
[0.0, 0.0, -10000.0, 5.0, 8.0, 0.0, 0.0, 0.0, 0.0, 0.0, 0.0, 2.8, 0.01, 0.01, 0.24534089127136838]
[0.0, 0.0, -10000.0, 6.0, 2.0, 0.0, 0.0, 0.0, 0.0, 0.0, 0.0, 2.8, 0.01, 0.01, 0.7515984511407542]
[0.0, 0.0, -10000.0, 6.0, 3.0, 0.0, 0.0, 0.0, 0.0, 0.0, 0.0, 2.8, 0.01, 0.01, 0.7310075567148849]
[0.0, 0.0, -10000.0, 6.0, 4.0, 0.0, 0.0, 0.0, 0.0, 0.0, 0.0, 2.8, 0.01, 0.01, 0.7031067432211154]
[0.0, 0.0, -10000.0, 6.0, 5.0, 0.0, 0.0, 0.0, 0.0, 0.0, 0.0, 2.8, 0.01, 0.01, 0.6475911253687439]
[0.0, 0.0, -10000.0, 6.0, 6.0, 0.0, 0.0, 0.0, 0.0, 0.0, 0.0, 2.8, 0.01, 0.01, 0.5537798120395668]
[0.0, 0.0, -10000.0, 6.0, 7.0, 0.0, 0.0, 0.0, 0.0, 0.0, 0.0, 2.8, 0.01, 0.01, 0.371009866211989]
[0.0, 0.0, -10000.0, 6.0, 8.0, 0.0, 0.0, 0.0, 0.0, 0.0, 0.0, 2.8, 0.01, 0.01, 0.19283317005743217]
[0.0, 0.0, -10000.0, 7.0, 2.0, 0.0, 0.0, 0.0, 0.0, 0.0, 0.0, 2.8, 0.01, 0.01, 0.8691332690188847]
[0.0, 0.0, -10000.0, 7.0, 3.0, 0.0, 0.0, 0.0, 0.0, 0.0, 0.0, 2.8, 0.01, 0.01, 0.8505397567430192]
[0.0, 0.0, -10000.0, 7.0, 4.0, 0.0, 0.0, 0.0, 0.0, 0.0, 0.0, 2.8, 0.01, 0.01, 0.7852330354487244]
[0.0, 0.0, -10000.0, 7.0, 5.0, 0.0, 0.0, 0.0, 0.0, 0.0, 0.0, 2.8, 0.01, 0.01, 0.6627053749610702]
[0.0, 0.0, -10000.0, 7.0, 6.0, 0.0, 0.0, 0.0, 0.0, 0.0, 0.0, 2.8, 0.01, 0.01, 0.4936734715563317]
[0.0, 0.0, -10000.0, 7.0, 7.0, 0.0, 0.0, 0.0, 0.0, 0.0, 0.0, 2.8, 0.01, 0.01, 0.27268827561375863]
[0.0, 0.0, -10000.0, 7.0, 8.0, 0.0, 0.0, 0.0, 0.0, 0.0, 0.0, 2.8, 0.01, 0.01, 0.13860428701730462]
[0.0, 0.0, -10000.0, 8.0, 2.0, 0.0, 0.0, 0.0, 0.0, 0.0, 0.0, 2.8, 0.01, 0.01, 0.9008224616637187]
[0.0, 0.0, -10000.0, 8.0, 3.0, 0.0, 0.0, 0.0, 0.0, 0.0, 0.0, 2.8, 0.01, 0.01, 0.9002030686461411]
[0.0, 0.0, -10000.0, 8.0, 4.0, 0.0, 0.0, 0.0, 0.0, 0.0, 0.0, 2.8, 0.01, 0.01, 0.799760436944137]
[0.0, 0.0, -10000.0, 8.0, 5.0, 0.0, 0.0, 0.0, 0.0, 0.0, 0.0, 2.8, 0.01, 0.01, 0.6089483819744141]
[0.0, 0.0, -10000.0, 8.0, 6.0, 0.0, 0.0, 0.0, 0.0, 0.0, 0.0, 2.8, 0.01, 0.01, 0.3901434314447411]
[0.0, 0.0, -10000.0, 8.0, 7.0, 0.0, 0.0, 0.0, 0.0, 0.0, 0.0, 2.8, 0.01, 0.01, 0.1922465488719692]
[0.0, 0.0, -10000.0, 8.0, 8.0, 0.0, 0.0, 0.0, 0.0, 0.0, 0.0, 2.8, 0.01, 0.01, 0.10255586449727665]
[0.0, 0.0, -10000.0, 9.0, 2.0, 0.0, 0.0, 0.0, 0.0, 0.0, 0.0, 2.8, 0.01, 0.01, 0.8381152559911974]
[0.0, 0.0, -10000.0, 9.0, 3.0, 0.0, 0.0, 0.0, 0.0, 0.0, 0.0, 2.8, 0.01, 0.01, 0.8750795639039133]
[0.0, 0.0, -10000.0, 9.0, 4.0, 0.0, 0.0, 0.0, 0.0, 0.0, 0.0, 2.8, 0.01, 0.01, 0.7661086514527115]
[0.0, 0.0, -10000.0, 9.0, 5.0, 0.0, 0.0, 0.0, 0.0, 0.0, 0.0, 2.8, 0.01, 0.01, 0.5461106796885907]
[0.0, 0.0, -10000.0, 9.0, 6.0, 0.0, 0.0, 0.0, 0.0, 0.0, 0.0, 2.8, 0.01, 0.01, 0.31829184210373707]
[0.0, 0.0, -10000.0, 9.0, 7.0, 0.0, 0.0, 0.0, 0.0, 0.0, 0.0, 2.8, 0.01, 0.01, 0.1775110463544678]
[0.0, 0.0, -10000.0, 9.0, 8.0, 0.0, 0.0, 0.0, 0.0, 0.0, 0.0, 2.8, 0.01, 0.01, 0.08845919387564348]
